L	-0.1759	2.7767	1477010443000000	0.0000	2.7500	0.0000	1.0000
R	3.1621	1.5668	1.0141	1477010443400000	-0.0220	3.0991	-0.1097	0.9940
L	-0.1107	3.5394	1477010443800000	-0.0938	3.4924	-0.2334	0.9724
R	3.8555	1.6184	0.8882	1477010444200000	-0.2143	3.8735	-0.3535	0.9354
L	-0.5579	3.9370	1477010444600000	-0.3817	4.2365	-0.4679	0.8838
R	5.1067	1.6904	0.9199	1477010445000000	-0.5932	4.5757	-0.5750	0.8181
L	-0.6313	4.7761	1477010445400000	-0.8456	4.8857	-0.6730	0.7396
R	5.6080	1.8281	0.3945	1477010445800000	-1.1348	5.1616	-0.7604	0.6494
L	-1.4879	5.3933	1477010446200000	-1.4564	5.3991	-0.8358	0.5490
R	5.6183	1.8770	0.9566	1477010446600000	-1.8051	5.5945	-0.8980	0.4399
L	-1.9710	5.7956	1477010447000000	-2.1756	5.7445	-0.9461	0.3239
R	6.3583	1.9790	0.7045	1477010447400000	-2.5620	5.8470	-0.9792	0.2028
L	-3.0136	5.9552	1477010447800000	-2.9582	5.9002	-0.9969	0.0785
R	6.2269	2.1357	-0.3793	1477010448200000	-3.3579	5.9033	-0.9989	-0.0471
L	-3.6499	5.8718	1477010448600000	-3.7549	5.8563	-0.9851	-0.1719
R	7.6394	2.1994	0.3462	1477010449000000	-4.1429	5.7600	-0.9558	-0.2940
L	-4.5386	5.4538	1477010449400000	-4.5157	5.6157	-0.9114	-0.4115
R	7.5396	2.3387	-0.4442	1477010449800000	-4.8675	5.4259	-0.8526	-0.5225
L	-5.3340	5.4230	1477010450200000	-5.1927	5.1935	-0.7804	-0.6252
R	7.3693	2.4292	0.6109	1477010450600000	-5.4863	4.9222	-0.6959	-0.7181
L	-5.9903	4.5394	1477010451000000	-5.7435	4.6162	-0.6004	-0.7997
R	7.5506	2.4833	-0.1878	1477010451400000	-5.9603	4.2804	-0.4955	-0.8686
L	-6.0424	3.9238	1477010451800000	-6.1333	3.9200	-0.3827	-0.9239
R	6.9970	2.6470	0.0898	1477010452200000	-6.2599	3.5408	-0.2639	-0.9646
L	-6.4812	3.1252	1477010452600000	-6.3378	3.1487	-0.1409	-0.9900
R	6.4573	2.7415	-0.5812	1477010453000000	-6.3661	2.7500	-0.0157	-0.9999
L	-6.4717	2.1000	1477010453400000	-6.3441	2.3509	0.1097	-0.9940
R	6.6843	2.8115	-0.1983	1477010453800000	-6.2723	1.9576	0.2334	-0.9724
L	-6.1391	1.7152	1477010454200000	-6.1518	1.5765	0.3535	-0.9355
R	6.7897	2.8855	-0.6636	1477010454600000	-5.9844	1.2135	0.4679	-0.8838
L	-5.9698	0.8915	1477010455000000	-5.7729	0.8743	0.5750	-0.8182
R	6.2269	3.0721	-0.9821	1477010455400000	-5.5205	0.5643	0.6730	-0.7396
L	-5.3738	0.3747	1477010455800000	-5.2312	0.2884	0.7604	-0.6495
R	4.6384	3.1651	-0.5899	1477010456200000	-4.9097	0.0509	0.8358	-0.5490
L	-4.5046	-0.1386	1477010456600000	-4.5609	-0.1444	0.8980	-0.4400
R	4.2966	-3.0808	-0.6622	1477010457000000	-4.1904	-0.2945	0.9461	-0.3239
L	-3.7721	-0.0904	1477010457400000	-3.8040	-0.3970	0.9792	-0.2028
R	3.5589	-2.9441	-1.0164	1477010457800000	-3.4079	-0.4502	0.9969	-0.0785
L	-3.1495	-0.4173	1477010458200000	-3.0081	-0.4533	0.9989	0.0471
R	3.3176	-2.9781	-1.1802	1477010458600000	-2.6112	-0.4063	0.9851	0.1719
L	-2.0685	-0.3019	1477010459000000	-2.2232	-0.3100	0.9558	0.2940
R	1.7569	-3.0297	-1.1155	1477010459400000	-1.8504	-0.1657	0.9114	0.4115
L	-1.2721	0.0663	1477010459800000	-1.4986	0.0241	0.8527	0.5225
R	1.3715	2.9417	-0.5144	1477010460200000	-1.1734	0.2565	0.7804	0.6252
L	-0.8556	0.5603	1477010460600000	-0.8798	0.5278	0.6959	0.7181
R	0.9108	2.1859	-0.0935	1477010461000000	-0.6226	0.8338	0.6004	0.7997
L	-0.2474	1.2044	1477010461400000	-0.4058	1.1697	0.4955	0.8686
R	1.2249	1.7460	1.2901	1477010461800000	-0.2327	1.5300	0.3827	0.9239
L	-0.2484	1.9666	1477010462200000	-0.1062	1.9092	0.2639	0.9645
R	2.5987	1.5836	1.0894	1477010462600000	-0.0282	2.3013	0.1409	0.9900
L	0.1203	2.8343	1477010463000000	0.0000	2.7000	0.0157	0.9999
R	2.6021	1.5940	1.1674	1477010463400000	0.0110	3.0997	0.0785	0.9969
L	0.1713	3.6380	1477010463800000	0.0704	3.4949	0.2028	0.9792
R	4.1323	1.4958	1.3589	1477010464200000	0.1789	3.8797	0.3240	0.9461
L	0.3628	4.1012	1477010464600000	0.3348	4.2478	0.4400	0.8980
R	4.5281	1.4310	0.9609	1477010465000000	0.5356	4.5934	0.5491	0.8358
L	0.8265	4.5505	1477010465400000	0.7781	4.9112	0.6495	0.7604
R	5.4078	1.3792	0.5527	1477010465800000	1.0585	5.1961	0.7397	0.6730
L	1.3152	5.5385	1477010466200000	1.3724	5.4436	0.8182	0.5750
R	6.2367	1.2773	1.1003	1477010466600000	1.7149	5.6497	0.8838	0.4679
L	2.1640	6.0522	1477010467000000	2.0805	5.8114	0.9355	0.3534
R	6.4604	1.2181	0.8451	1477010467400000	2.4635	5.9259	0.9724	0.2334
L	2.9572	5.9703	1477010467800000	2.8578	5.9915	0.9940	0.1097
R	7.0199	1.0545	0.6051	1477010468200000	3.2572	6.0072	0.9999	-0.0157
L	3.6718	5.8758	1477010468600000	3.6555	5.9727	0.9900	-0.1409
R	7.3036	0.9443	0.7683	1477010469000000	4.0463	5.8886	0.9646	-0.2639
L	4.4409	5.8808	1477010469400000	4.4234	5.7562	0.9239	-0.3827
R	7.5912	0.8665	-0.1174	1477010469800000	4.7810	5.5775	0.8686	-0.4955
L	5.0691	5.1850	1477010470200000	5.1134	5.3554	0.7997	-0.6004
R	7.5498	0.7156	0.8959	1477010470600000	5.4153	5.0934	0.7181	-0.6959
L	5.7918	4.9063	1477010471000000	5.6820	4.7956	0.6252	-0.7804
R	7.0487	0.6601	0.0659	1477010471400000	5.9093	4.4668	0.5225	-0.8527
L	6.2509	4.2062	1477010471800000	6.0936	4.1121	0.4115	-0.9114
R	7.4273	0.5374	0.0084	1477010472200000	6.2319	3.7370	0.2940	-0.9558
L	6.2477	3.7516	1477010472600000	6.3222	3.3476	0.1719	-0.9851
R	6.6411	0.3871	-0.1084	1477010473000000	6.3629	2.9500	0.0471	-0.9989
L	6.3878	2.5486	1477010473400000	6.3535	2.5503	-0.0785	-0.9969
R	5.8800	0.3157	-0.9099	1477010473800000	6.2941	2.1550	-0.2028	-0.9792
L	6.0816	1.5880	1477010474200000	6.1856	1.7703	-0.3239	-0.9461
R	5.8014	0.2262	-0.4368	1477010474600000	6.0297	1.4022	-0.4400	-0.8980
L	5.8552	0.8475	1477010475000000	5.8289	1.0565	-0.5490	-0.8358
R	5.1314	0.1235	-1.2022	1477010475400000	5.5864	0.7388	-0.6495	-0.7604
L	5.2410	0.5169	1477010475800000	5.3060	0.4539	-0.7396	-0.6730
R	4.6213	0.0372	-0.7495	1477010476200000	4.9920	0.2064	-0.8182	-0.5750
L	4.7025	-0.3913	1477010476600000	4.6496	0.0002	-0.8838	-0.4679
R	4.8285	-0.0235	-0.5987	1477010477000000	4.2840	-0.1614	-0.9354	-0.3535
L	3.9547	-0.2982	1477010477400000	3.9010	-0.2759	-0.9724	-0.2334
R	3.7808	-0.1394	-0.9449	1477010477800000	3.5067	-0.3416	-0.9940	-0.1097
L	3.2862	-0.2385	1477010478200000	3.1072	-0.3573	-0.9999	0.0157
R	2.5544	-0.0874	-0.9769	1477010478600000	2.7090	-0.3228	-0.9900	0.1409
L	2.2553	-0.2879	1477010479000000	2.3182	-0.2386	-0.9646	0.2639
R	1.7962	-0.0423	-0.8994	1477010479400000	1.9410	-0.1062	-0.9239	0.3827
L	1.5217	-0.0092	1477010479800000	1.5835	0.0725	-0.8686	0.4955
R	1.1954	0.2070	-0.6422	1477010480200000	1.2511	0.2946	-0.7997	0.6004
L	1.0267	0.4882	1477010480600000	0.9492	0.5566	-0.7181	0.6959
R	0.8946	0.9311	0.6120	1477010481000000	0.6825	0.8543	-0.6252	0.7804
L	0.3309	1.2197	1477010481400000	0.4552	1.1832	-0.5225	0.8526
R	1.5616	1.3893	0.2111	1477010481800000	0.2709	1.5379	-0.4115	0.9114
L	0.2590	2.0143	1477010482200000	0.1326	1.9129	-0.2940	0.9558
R	1.9330	1.5623	1.3426	1477010482600000	0.0423	2.3024	-0.1719	0.9851
L	0.0652	2.3680	1477010483000000	0.0016	2.7000	-0.0471	0.9989
